4294967279,109
4294967279,108
4294967279,107
4294967279,106
4294967279,105
4294967279,104
4294967279,103
4294967279,102
4294967279,101
4294967279,100
4294967279,99
4294967279,98
4294967279,97
4294967279,96
4294967279,95
4294967279,94
4294967279,93
4294967279,92
4294967279,91
4294967279,90
4294967279,89
4294967278,36
4294967278,35
4294967278,34
4294967278,33
4294967278,32
4294967278,31
4294967278,30
4294967278,29
4294967278,28
4294967278,27
4294967278,25
4294967278,24
4294967278,23
4294967278,22
4294967278,21
4294967278,20
4294967278,18
4294967278,17
4294967278,16
4294967278,15
4294967278,14
4294967278,13
4294967278,12
4294967278,11
4294967278,10
4294967278,9
4294967278,8
4294967278,7
4294967278,6
4294967278,5
4294967278,4
4294967279,132
4294967279,131
4294967279,130
4294967279,129
4294967279,128
4294967279,127
4294967279,126
4294967279,125
4294967279,124
4294967279,123
4294967279,122
4294967279,121
4294967279,120
4294967279,119
4294967279,118
4294967279,117
4294967279,116
4294967279,115
4294967279,114
4294967279,113
4294967279,112
4294967279,111
4294967279,110
4294967279,19
4294967279,14
4294967294,127
4294967294,18
4294967294,116
4294967294,168
4294967294,162
4294967294,104
4294967294,166
4294967294,184
4294967294,188
4294967294,185
4294967278,286
4294967278,168
13,7
13,6
4294967278,167
13,5
13,4
4294967278,166
13,3
13,2
13,1
4294967278,285
4294967278,165
4294967278,159
12,6
4294967278,158
12,5
12,4
4294967278,157
12,3
12,2
12,1
4294967278,284
4294967278,156
4294967278,155
11,5
11,4
4294967278,154
11,3
11,2
11,1
4294967278,283
4294967294,89
4294967294,971
4294967294,401
4294967278,153
4294967278,152
10,6
10,5
4294967278,151
10,4
10,3
10,2
10,1
4294967279,289
4294967278,150
4294967294,386
4294967294,387
4294967294,1023
4294967294,989
4294967294,395
4294967294,409
4294967294,399
4294967294,982
4294967294,385
4294967294,384
4294967294,111
4294967278,149
9,7
4294967278,148
9,6
9,5
4294967278,147
9,4
9,3
9,2
9,1
4294967279,288
4294967278,146
4294967294,1038
4294967294,1032
4294967278,145
8,7
4294967278,144
8,6
8,5
4294967278,143
8,4
8,3
8,2
8,1
4294967279,287
4294967278,142
4294967278,141
7,6
4294967278,140
7,5
7,4
4294967278,139
7,3
7,2
7,1
4294967278,282
4294967278,26
4294967294,115
4294967278,138
4294967278,275
6,4
6,3
6,2
6,1
4294967279,276
4294967278,136
4294967278,135
4294967278,272
5,8
4294967278,134
5,7
4294967279,133
5,6
4294967278,133
5,5
4294967279,286
4294967279,21
5,4
4294967278,273
5,3
5,2
5,1
4294967278,281
4294967278,19
4294967279,273
4294967294,439
4294967294,472
4294967279,272
4,5
4294967279,271
4,4
4,3
4,2
4,1
4294967278,280
4294967279,270
4294967294,393
4294967294,392
4294967294,46
4294967294,388
4294967294,114
4294967279,285
4294967279,16
3,6
4294967279,268
3,5
3,4
4294967279,267
3,3
3,2
3,1
4294967279,284
4294967294,9
4294967278,279
4294967294,38
4294967294,37
4294967294,36
4294967294,40
4294967294,39
4294967294,120
4294967294,389
4294967294,429
4294967294,394
4294967294,24
4294967294,86
4294967294,85
4294967294,22
4294967294,17
4294967294,99
4294967294,76
4294967294,41
4294967294,107
4294967294,7
4294967279,266
4294967294,6
4294967294,94
4294967294,93
4294967294,96
4294967294,95
4294967294,42
2,7
4294967279,265
2,6
2,5
4294967279,0
2,4
2,3
2,2
2,1
4294967278,278
4294967278,260
4294967278,0
4294967279,263
4294967294,8
